 &plot nbnd=  10, nks=    89 /
            0.500000  0.000000  1.000000
    1.320    1.320    4.989    4.989   23.952   23.952   25.585   25.585   34.599   34.599
            0.500000  0.033333  0.966667
    0.925    1.661    4.693    5.389   23.586   24.141   25.575   25.813   33.993   35.135
            0.500000  0.066667  0.933333
    0.516    1.884    4.567    5.850   23.177   24.071   25.856   26.138   33.332   35.603
            0.500000  0.100000  0.900000
    0.115    1.929    4.675    6.346   22.783   23.857   26.289   26.504   32.645   36.007
            0.500000  0.133333  0.866667
   -0.268    1.809    5.001    6.859   22.427   23.599   26.718   26.883   31.992   36.348
            0.500000  0.166667  0.833333
   -0.626    1.591    5.478    7.376   22.124   23.338   27.005   27.261   31.486   36.634
            0.500000  0.200000  0.800000
   -0.955    1.335    6.045    7.886   21.880   23.088   26.995   27.628   31.283   36.875
            0.500000  0.233333  0.766667
   -1.253    1.075    6.663    8.376   21.698   22.857   26.614   27.970   31.457   37.072
            0.500000  0.266667  0.733333
   -1.519    0.827    7.307    8.836   21.581   22.648   25.966   28.275   31.916   37.228
            0.500000  0.300000  0.700000
   -1.751    0.602    7.955    9.254   21.526   22.463   25.192   28.530   32.521   37.345
            0.500000  0.333333  0.666667
   -1.948    0.405    8.589    9.621   21.525   22.302   24.390   28.725   33.174   37.421
            0.500000  0.366667  0.633333
   -2.110    0.241    9.184    9.929   21.569   22.167   23.632   28.857   33.806   37.458
            0.500000  0.400000  0.600000
   -2.236    0.112    9.708   10.173   21.639   22.054   22.972   28.931   34.357   37.455
            0.500000  0.433333  0.566667
   -2.326    0.018   10.125   10.349   21.713   21.953   22.470   28.960   34.780   37.428
            0.500000  0.466667  0.533333
   -2.380   -0.038   10.396   10.454   21.768   21.847   22.190   28.965   35.041   37.397
            0.500000  0.500000  0.500000
   -2.399   -0.057   10.486   10.486   21.788   21.788   22.116   28.961   35.128   37.382
            0.476190  0.476190  0.476190
   -2.546    0.116   10.500   10.500   21.787   21.787   22.111   28.958   35.080   37.440
            0.452381  0.452381  0.452381
   -2.901    0.549   10.529   10.529   21.782   21.782   22.096   28.934   34.952   37.586
            0.428571  0.428571  0.428571
   -3.341    1.118   10.579   10.579   21.771   21.771   22.070   28.892   34.781   37.784
            0.404762  0.404762  0.404762
   -3.806    1.763   10.648   10.648   21.751   21.751   22.033   28.830   34.603   38.000
            0.380952  0.380952  0.380952
   -4.268    2.455   10.737   10.737   21.719   21.719   21.984   28.744   34.437   37.527
            0.357143  0.357143  0.357143
   -4.716    3.181   10.845   10.845   21.669   21.669   21.923   28.632   34.297   37.062
            0.333333  0.333333  0.333333
   -5.144    3.933   10.970   10.970   21.595   21.595   21.846   28.492   34.187   36.647
            0.309524  0.309524  0.309524
   -5.548    4.708   11.116   11.116   21.495   21.495   21.754   28.336   34.105   36.304
            0.285714  0.285714  0.285714
   -5.926    5.499   11.277   11.277   21.363   21.363   21.642   28.153   34.040   36.045
            0.261905  0.261905  0.261905
   -6.276    6.304   11.453   11.453   21.197   21.197   21.509   27.959   33.982   35.883
            0.238095  0.238095  0.238095
   -6.598    7.115   11.644   11.644   20.998   20.998   21.349   27.755   33.911   35.822
            0.214286  0.214286  0.214286
   -6.890    7.930   11.845   11.845   20.768   20.768   21.162   27.551   33.813   35.867
            0.190476  0.190476  0.190476
   -7.153    8.741   12.055   12.055   20.514   20.514   20.945   27.353   33.682   36.016
            0.166667  0.166667  0.166667
   -7.386    9.541   12.270   12.270   20.242   20.242   20.693   27.168   33.515   36.267
            0.142857  0.142857  0.142857
   -7.588   10.319   12.485   12.485   19.964   19.964   20.411   26.999   33.323   36.615
            0.119048  0.119048  0.119048
   -7.759   11.062   12.692   12.692   19.691   19.691   20.099   26.853   33.122   37.054
            0.095238  0.095238  0.095238
   -7.900   11.751   12.884   12.884   19.439   19.439   19.774   26.730   32.929   37.578
            0.071429  0.071429  0.071429
   -8.009   12.360   13.050   13.050   19.219   19.219   19.455   26.634   32.761   38.181
            0.047619  0.047619  0.047619
   -8.087   12.851   13.181   13.181   19.049   19.049   19.174   26.566   32.631   38.853
            0.023810  0.023810  0.023810
   -8.134   13.179   13.265   13.265   18.940   18.940   18.975   26.525   32.549   39.569
            0.000000  0.000000  0.000000
   -8.150   13.291   13.291   13.291   18.899   18.899   18.899   26.510   32.521   40.089
            0.000000 -0.033333  0.000000
   -8.140   13.250   13.250   13.268   18.894   18.955   18.955   26.520   32.539   39.431
            0.000000 -0.066667  0.000000
   -8.109   13.123   13.123   13.192   18.869   19.108   19.108   26.544   32.594   38.497
            0.000000 -0.100000  0.000000
   -8.058   12.925   12.925   13.064   18.829   19.348   19.348   26.579   32.684   37.561
            0.000000 -0.133333  0.000000
   -7.986   12.674   12.674   12.891   18.774   19.660   19.660   26.615   32.808   36.663
            0.000000 -0.166667  0.000000
   -7.894   12.385   12.385   12.675   18.707   20.027   20.027   26.639   32.963   35.823
            0.000000 -0.200000  0.000000
   -7.782   12.070   12.070   12.418   18.631   20.437   20.437   26.634   33.146   35.064
            0.000000 -0.233333  0.000000
   -7.650   11.740   11.740   12.123   18.543   20.878   20.878   26.579   33.354   34.406
            0.000000 -0.266667  0.000000
   -7.497   11.401   11.401   11.794   18.449   21.344   21.344   26.455   33.584   33.868
            0.000000 -0.300000  0.000000
   -7.324   11.062   11.062   11.434   18.350   21.826   21.826   26.247   33.465   33.830
            0.000000 -0.333333  0.000000
   -7.132   10.725   10.725   11.046   18.246   22.322   22.322   25.949   33.199   34.088
            0.000000 -0.366667  0.000000
   -6.919   10.394   10.394   10.633   18.143   22.826   22.826   25.567   33.063   34.355
            0.000000 -0.400000  0.000000
   -6.687   10.072   10.072   10.196   18.042   23.336   23.336   25.119   33.037   34.626
            0.000000 -0.433333  0.000000
   -6.435    9.741    9.760    9.760   17.944   23.849   23.849   24.623   33.098   34.897
            0.000000 -0.466667  0.000000
   -6.164    9.264    9.461    9.461   17.850   24.100   24.362   24.362   33.223   35.160
            0.000000 -0.500000  0.000000
   -5.873    8.770    9.175    9.175   17.763   23.567   24.873   24.873   33.395   35.416
            0.000000 -0.533333  0.000000
   -5.564    8.262    8.905    8.905   17.685   23.036   25.380   25.380   33.599   35.658
            0.000000 -0.566667  0.000000
   -5.236    7.741    8.650    8.650   17.617   22.517   25.881   25.881   33.825   35.884
            0.000000 -0.600000  0.000000
   -4.889    7.206    8.411    8.411   17.558   22.013   26.372   26.372   34.053   36.085
            0.000000 -0.633333  0.000000
   -4.525    6.662    8.189    8.189   17.512   21.534   26.851   26.851   34.293   36.265
            0.000000 -0.666667  0.000000
   -4.142    6.110    7.986    7.986   17.480   21.081   27.317   27.317   34.534   36.422
            0.000000 -0.700000  0.000000
   -3.743    5.551    7.801    7.801   17.461   20.655   27.761   27.761   34.772   36.548
            0.000000 -0.733333  0.000000
   -3.327    4.988    7.634    7.634   17.458   20.258   28.183   28.183   35.004   36.646
            0.000000 -0.766667  0.000000
   -2.894    4.423    7.486    7.486   17.471   19.890   28.576   28.576   35.228   36.715
            0.000000 -0.800000  0.000000
   -2.445    3.858    7.358    7.358   17.501   19.552   28.938   28.938   35.444   36.755
            0.000000 -0.833333  0.000000
   -1.982    3.293    7.248    7.248   17.549   19.242   29.258   29.258   35.648   36.767
            0.000000 -0.866667  0.000000
   -1.503    2.730    7.159    7.159   17.617   18.960   29.532   29.532   35.839   36.752
            0.000000 -0.900000  0.000000
   -1.012    2.171    7.087    7.087   17.705   18.705   29.753   29.753   36.014   36.710
            0.000000 -0.933333  0.000000
   -0.507    1.619    7.037    7.037   17.813   18.477   29.916   29.916   36.177   36.645
            0.000000 -0.966667  0.000000
    0.009    1.073    7.007    7.007   17.944   18.274   30.015   30.015   36.316   36.553
            0.000000 -1.000000  0.000000
    0.536    0.536    6.997    6.997   18.097   18.097   30.049   30.049   36.444   36.444
            0.033333 -1.000000  0.000000
    0.542    0.542    6.974    6.974   18.140   18.140   30.029   30.029   36.419   36.419
            0.066667 -1.000000  0.000000
    0.562    0.562    6.907    6.907   18.266   18.266   29.970   29.970   36.344   36.344
            0.100000 -1.000000  0.000000
    0.594    0.594    6.799    6.799   18.472   18.472   29.871   29.871   36.225   36.225
            0.133333 -1.000000  0.000000
    0.639    0.639    6.655    6.655   18.751   18.751   29.727   29.727   36.069   36.069
            0.166667 -1.000000  0.000000
    0.694    0.694    6.486    6.486   19.098   19.098   29.535   29.535   35.888   35.888
            0.200000 -1.000000  0.000000
    0.759    0.759    6.295    6.295   19.503   19.503   29.289   29.289   35.688   35.688
            0.233333 -1.000000  0.000000
    0.832    0.832    6.093    6.093   19.957   19.957   28.990   28.990   35.485   35.485
            0.266667 -1.000000  0.000000
    0.911    0.911    5.887    5.887   20.455   20.455   28.635   28.635   35.289   35.289
            0.300000 -1.000000  0.000000
    0.993    0.993    5.687    5.687   20.987   20.987   28.228   28.228   35.111   35.111
            0.333333 -1.000000  0.000000
    1.075    1.075    5.497    5.497   21.545   21.545   27.774   27.774   34.955   34.955
            0.366667 -1.000000  0.000000
    1.152    1.152    5.328    5.328   22.120   22.120   27.281   27.281   34.826   34.826
            0.400000 -1.000000  0.000000
    1.220    1.220    5.187    5.187   22.698   22.698   26.764   26.764   34.725   34.725
            0.433333 -1.000000  0.000000
    1.274    1.274    5.079    5.079   23.256   23.256   26.248   26.248   34.655   34.655
            0.466667 -1.000000  0.000000
    1.308    1.308    5.012    5.012   23.732   23.732   25.796   25.796   34.613   34.613
            0.500000 -1.000000  0.000000
    1.320    1.320    4.989    4.989   23.952   23.952   25.585   25.585   34.599   34.599
            0.535714 -0.964286  0.000000
    1.055    1.532    4.735    5.349   23.272   24.118   25.774   25.918   34.145   35.043
            0.571429 -0.928571  0.000000
    0.830    1.622    4.514    5.852   22.263   24.170   26.103   26.592   33.667   35.503
            0.607143 -0.892857  0.000000
    0.646    1.638    4.331    6.426   21.261   24.157   26.507   27.288   33.190   35.971
            0.642857 -0.857143  0.000000
    0.502    1.621    4.187    6.993   20.364   24.122   26.920   27.918   32.739   36.444
            0.678571 -0.821429  0.000000
    0.400    1.594    4.082    7.479   19.646   24.086   27.283   28.421   32.354   36.921
            0.714286 -0.785714  0.000000
    0.338    1.574    4.019    7.813   19.176   24.061   27.542   28.751   32.086   37.364
            0.750000 -0.750000  0.000000
    0.318    1.566    3.999    7.932   19.012   24.053   27.639   28.866   31.988   37.589
