 &plot nbnd=  10, nks=    61 /
            0.666667  0.000000 -0.125000
  -13.010  -13.010  -11.003   -0.365   -0.365   10.299   12.612   12.612   13.235   14.306
            0.633333 -0.000000 -0.118750
  -13.437  -12.659  -10.886   -0.859    0.123   10.335   12.186   12.727   13.207   13.516
            0.600000  0.000000 -0.112500
  -13.972  -12.277  -10.612   -1.397    0.653   10.398   11.446   12.693   12.747   13.088
            0.566667 -0.000000 -0.106250
  -14.541  -11.862  -10.251   -1.963    1.223   10.346   10.628   12.076   12.680   12.817
            0.533333 -0.000000 -0.100000
  -15.110  -11.417   -9.837   -2.543    1.829    9.764   10.038   11.800   12.432   12.550
            0.500000 -0.000000 -0.093750
  -15.663  -10.941   -9.385   -3.123    2.471    8.957    9.459   11.664   11.993   12.381
            0.466667 -0.000000 -0.087500
  -16.194  -10.437   -8.904   -3.693    3.143    8.180    8.821   11.317   11.551   12.188
            0.433333 -0.000000 -0.081250
  -16.696   -9.905   -8.402   -4.246    3.843    7.445    8.195   10.769   11.087   11.982
            0.400000 -0.000000 -0.075000
  -17.167   -9.348   -7.884   -4.773    4.565    6.758    7.607   10.142   10.625   11.766
            0.366667 -0.000000 -0.068750
  -17.605   -8.768   -7.357   -5.271    5.304    6.121    7.065    9.504   10.192   11.542
            0.333333  0.000000 -0.062500
  -18.008   -8.169   -6.828   -5.734    5.536    6.051    6.573    8.887    9.795   11.306
            0.300000  0.000000 -0.056250
  -18.375   -7.555   -6.305   -6.160    5.005    6.132    6.798    8.308    9.438   11.053
            0.266667  0.000000 -0.050000
  -18.705   -6.933   -6.547   -5.795    4.528    5.742    7.534    7.776    9.123   10.773
            0.233333 -0.000000 -0.043750
  -18.997   -6.892   -6.311   -5.309    4.107    5.404    7.295    8.244    8.851   10.452
            0.200000 -0.000000 -0.037500
  -19.251   -7.193   -5.700   -4.857    3.741    5.117    6.870    8.624    8.915   10.079
            0.166667  0.000000 -0.031250
  -19.467   -7.450   -5.115   -4.449    3.431    4.880    6.504    8.440    9.528    9.655
            0.133333  0.000000 -0.025000
  -19.644   -7.661   -4.577   -4.097    3.178    4.690    6.198    8.296    9.201   10.066
            0.100000  0.000000 -0.018750
  -19.782   -7.826   -4.109   -3.810    2.980    4.546    5.956    8.191    8.764   10.509
            0.066667  0.000000 -0.012500
  -19.881   -7.944   -3.741   -3.597    2.839    4.446    5.781    8.119    8.397   10.557
            0.033333  0.000000 -0.006250
  -19.940   -8.015   -3.505   -3.467    2.755    4.387    5.675    8.079    8.152   10.530
            0.000000  0.000000  0.000000
  -19.960   -8.039   -3.423   -3.423    2.726    4.367    5.639    8.065    8.065   10.522
            0.025000 -0.014434 -0.006250
  -19.945   -8.021   -3.485   -3.456    2.748    4.380    5.668    8.075    8.131   10.524
            0.050000 -0.028868 -0.012500
  -19.900   -7.968   -3.666   -3.552    2.812    4.419    5.755    8.099    8.324   10.532
            0.075000 -0.043301 -0.018750
  -19.826   -7.879   -3.958   -3.704    2.920    4.486    5.897    8.128    8.637   10.550
            0.100000 -0.057735 -0.025000
  -19.723   -7.755   -4.345   -3.902    3.070    4.583    6.092    8.148    9.059   10.313
            0.125000 -0.072169 -0.031250
  -19.590   -7.596   -4.811   -4.134    3.263    4.713    6.338    8.148    9.577    9.892
            0.150000 -0.086603 -0.037500
  -19.428   -7.403   -5.341   -4.389    3.499    4.877    6.631    8.125    9.401   10.180
            0.175000 -0.101036 -0.043750
  -19.237   -7.176   -5.920   -4.656    3.777    5.078    6.968    8.078    8.851   10.852
            0.200000 -0.115470 -0.050000
  -19.017   -6.915   -6.535   -4.928    4.098    5.315    7.338    8.016    8.258   11.015
            0.225000 -0.129904 -0.056250
  -18.768   -7.175   -6.622   -5.196    4.460    5.589    7.556    7.761    8.001   11.207
            0.250000 -0.144338 -0.062500
  -18.491   -7.831   -6.299   -5.455    4.864    5.894    6.944    7.778    8.315   11.436
            0.275000 -0.158771 -0.068750
  -18.186   -8.495   -5.946   -5.700    5.308    6.074    6.437    7.696    8.802   11.705
            0.300000 -0.173205 -0.075000
  -17.853   -9.162   -5.927   -5.566    5.490    5.801    6.713    7.605    9.339   12.014
            0.325000 -0.187639 -0.081250
  -17.494   -9.825   -6.133   -5.162    4.806    6.319    7.140    7.522    9.913   12.366
            0.350000 -0.202073 -0.087500
  -17.109  -10.480   -6.316   -4.740    4.119    6.868    7.426    7.649   10.516   12.762
            0.375000 -0.216506 -0.093750
  -16.699  -11.123   -6.473   -4.306    3.451    7.265    7.567    8.167   11.142   13.204
            0.400000 -0.230940 -0.100000
  -16.266  -11.750   -6.603   -3.872    2.820    7.250    8.156    8.741   11.781   13.684
            0.425000 -0.245374 -0.106250
  -15.815  -12.353   -6.706   -3.458    2.249    7.206    8.818    9.362   12.413   13.328
            0.450000 -0.259808 -0.112500
  -15.355  -12.923   -6.780   -3.097    1.774    7.171    9.514   10.030   12.544   12.881
            0.475000 -0.274241 -0.118750
  -14.923  -13.421   -6.824   -2.839    1.447    7.149   10.237   10.742   11.763   12.288
            0.500000 -0.288675 -0.125000
  -14.691  -13.675   -6.839   -2.743    1.328    7.142   10.907   11.073   11.419   11.586
            0.508333 -0.274241 -0.125000
  -14.687  -13.671   -6.861   -2.737    1.326    7.172   10.912   11.079   11.420   11.593
            0.516667 -0.259808 -0.125000
  -14.674  -13.658   -6.927   -2.719    1.322    7.262   10.929   11.097   11.425   11.613
            0.525000 -0.245374 -0.125000
  -14.653  -13.637   -7.036   -2.689    1.314    7.409   10.957   11.127   11.431   11.647
            0.533333 -0.230940 -0.125000
  -14.624  -13.608   -7.183   -2.647    1.303    7.610   10.996   11.169   11.436   11.695
            0.541667 -0.216506 -0.125000
  -14.586  -13.570   -7.365   -2.593    1.287    7.861   11.046   11.223   11.437   11.757
            0.550000 -0.202073 -0.125000
  -14.539  -13.525   -7.579   -2.526    1.266    8.158   11.107   11.289   11.430   11.831
            0.558333 -0.187639 -0.125000
  -14.484  -13.472   -7.819   -2.448    1.238    8.495   11.178   11.366   11.410   11.920
            0.566667 -0.173205 -0.125000
  -14.421  -13.412   -8.082   -2.358    1.201    8.866   11.259   11.369   11.455   12.022
            0.575000 -0.158771 -0.125000
  -14.350  -13.345   -8.363   -2.255    1.155    9.267   11.305   11.350   11.555   12.138
            0.583333 -0.144338 -0.125000
  -14.269  -13.272   -8.657   -2.141    1.098    9.691   11.214   11.450   11.666   12.267
            0.591667 -0.129904 -0.125000
  -14.181  -13.194   -8.960   -2.015    1.029   10.132   11.102   11.558   11.788   12.410
            0.600000 -0.115470 -0.125000
  -14.084  -13.113   -9.268   -1.878    0.944   10.582   10.974   11.673   11.920   12.567
            0.608333 -0.101036 -0.125000
  -13.979  -13.030   -9.577   -1.729    0.844   10.839   11.031   11.794   12.065   12.737
            0.616667 -0.086603 -0.125000
  -13.866  -12.950   -9.880   -1.568    0.726   10.708   11.464   11.920   12.224   12.921
            0.625000 -0.072169 -0.125000
  -13.744  -12.877  -10.171   -1.396    0.591   10.588   11.857   12.048   12.407   13.118
            0.633333 -0.057735 -0.125000
  -13.613  -12.819  -10.440   -1.212    0.436   10.485   12.174   12.175   12.630   13.329
            0.641667 -0.043301 -0.125000
  -13.475  -12.788  -10.674   -1.017    0.262   10.403   12.300   12.397   12.879   13.553
            0.650000 -0.028868 -0.125000
  -13.328  -12.801  -10.855   -0.810    0.071   10.345   12.417   12.546   13.090   13.790
            0.658333 -0.014434 -0.125000
  -13.173  -12.874  -10.966   -0.593   -0.139   10.310   12.522   12.628   13.207   14.041
            0.666667  0.000000 -0.125000
  -13.010  -13.010  -11.003   -0.365   -0.365   10.299   12.612   12.612   13.235   14.306
